function a=aBohr
    a=5.2917721067e-11;
end