function k=kB
    k=1.38064852e-23;
end