function mE = mElectron
    mE = 9.1093837015e-31;
end