function m=mNeutron
    m=1.674927471e-27;
end