function m=mProton
    m = 1.672621898e-27;
end