kcutoff: 10, dk: 0.100, Ntheta: 50, NGridPoints: 5.00E+03, tMax: 10.0, dt1: 0.100, dt2: 0.100 NtPoints: 101
mI: 1.0, mB: 1.0, n0: 1.0, gBB: 0.628
aIBi: -2.00, gIB: -1.502, PCrit_grid: 1.13591, PCrit_true: 1.12955, NPVals: 40