kcutoff: 20, dk: 0.050, Ntheta: 100, NGridPoints: 4.00E+04, tMax: 100.0, dt1: 0.010, dt2: 0.010 NtPoints: 10001
mI: 1.0, mB: 1.0, n0: 1.0, gBB: 0.628
aIBi: 4.00, gIB: -1.439, PCrit_grid: 1.22760, PCrit_true: 1.24010, NPVals: 40