kcutoff: 15, dk: 0.100, Ntheta: 30, NGridPoints: 4.50E+03, tMax: 4.0, dt1: 0.100, dt2: 0.100 NtPoints: 41
mI: 1.0, mB: 1.0, n0: 1.0, gBB: 0.628
aIBi: -2.00, gIB: -1.088, PCrit_grid: 1.13340, PCrit_true: 1.13591, NPVals: 40