kcutoff: 10, dk: 0.050, Ntheta: 100, NGridPoints: 2.00E+04, tMax: 100.0, dt1: 0.100, dt2: 1.000 NtPoints: 110
mI: 1.0, mB: 1.0, n0: 1.0, gBB: 0.628
aIBi: -4.00, PCrit_grid: 0.91921, PCrit_true: 0.91836, NPVals: 40