kcutoff: 20, dk: 0.050, Ntheta: 100, NGridPoints: 4.00E+04, tMax: 100.0, dt1: 0.100, dt2: 1.000 NtPoints: 110
mI: 1.0, mB: 1.0, n0: 1.0, gBB: 0.628
aIBi: -4.00, PCrit_grid: 0.92440, PCrit_true: 0.92356, NPVals: 40