kcutoff: 5, dk: 0.100, Ntheta: 30, NGridPoints: 1.50E+03, tMax: 4.0, dt1: 0.100, dt2: 0.100 NtPoints: 41
mI: 1.0, mB: 1.0, n0: 1.0, gBB: 0.628
aIBi: -2.00, gIB: -2.424, PCrit_grid: 1.10839, PCrit_true: 1.10912, NPVals: 40