kcutoff: 15, dk: 0.100, Ntheta: 100, NGridPoints: 1.50E+04, tMax: 10.0, dt1: 0.500, dt2: 0.500 NtPoints: 21
mI: 1.0, mB: 1.0, n0: 1.0, gBB: 0.628
aIBi: -2.00, gIB: -1.088, PCrit_grid: 1.14571, PCrit_true: 1.13591, NPVals: 40